density_18 = [-1.500000e+01	0.000000e+00
-1.495000e+01	0.000000e+00
-1.490000e+01	0.000000e+00
-1.485000e+01	0.000000e+00
-1.480000e+01	0.000000e+00
-1.475000e+01	0.000000e+00
-1.470000e+01	0.000000e+00
-1.465000e+01	0.000000e+00
-1.460000e+01	0.000000e+00
-1.455000e+01	0.000000e+00
-1.450000e+01	0.000000e+00
-1.445000e+01	0.000000e+00
-1.440000e+01	0.000000e+00
-1.435000e+01	0.000000e+00
-1.430000e+01	0.000000e+00
-1.425000e+01	0.000000e+00
-1.420000e+01	0.000000e+00
-1.415000e+01	0.000000e+00
-1.410000e+01	0.000000e+00
-1.405000e+01	0.000000e+00
-1.400000e+01	0.000000e+00
-1.395000e+01	0.000000e+00
-1.390000e+01	0.000000e+00
-1.385000e+01	0.000000e+00
-1.380000e+01	0.000000e+00
-1.375000e+01	0.000000e+00
-1.370000e+01	0.000000e+00
-1.365000e+01	0.000000e+00
-1.360000e+01	0.000000e+00
-1.355000e+01	0.000000e+00
-1.350000e+01	0.000000e+00
-1.345000e+01	0.000000e+00
-1.340000e+01	0.000000e+00
-1.335000e+01	0.000000e+00
-1.330000e+01	0.000000e+00
-1.325000e+01	0.000000e+00
-1.320000e+01	0.000000e+00
-1.315000e+01	0.000000e+00
-1.310000e+01	0.000000e+00
-1.305000e+01	0.000000e+00
-1.300000e+01	0.000000e+00
-1.295000e+01	0.000000e+00
-1.290000e+01	0.000000e+00
-1.285000e+01	0.000000e+00
-1.280000e+01	0.000000e+00
-1.275000e+01	0.000000e+00
-1.270000e+01	0.000000e+00
-1.265000e+01	0.000000e+00
-1.260000e+01	0.000000e+00
-1.255000e+01	0.000000e+00
-1.250000e+01	0.000000e+00
-1.245000e+01	0.000000e+00
-1.240000e+01	0.000000e+00
-1.235000e+01	0.000000e+00
-1.230000e+01	0.000000e+00
-1.225000e+01	0.000000e+00
-1.220000e+01	0.000000e+00
-1.215000e+01	0.000000e+00
-1.210000e+01	0.000000e+00
-1.205000e+01	0.000000e+00
-1.200000e+01	0.000000e+00
-1.195000e+01	0.000000e+00
-1.190000e+01	0.000000e+00
-1.185000e+01	0.000000e+00
-1.180000e+01	0.000000e+00
-1.175000e+01	0.000000e+00
-1.170000e+01	0.000000e+00
-1.165000e+01	0.000000e+00
-1.160000e+01	0.000000e+00
-1.155000e+01	0.000000e+00
-1.150000e+01	0.000000e+00
-1.145000e+01	0.000000e+00
-1.140000e+01	0.000000e+00
-1.135000e+01	0.000000e+00
-1.130000e+01	0.000000e+00
-1.125000e+01	0.000000e+00
-1.120000e+01	0.000000e+00
-1.115000e+01	0.000000e+00
-1.110000e+01	0.000000e+00
-1.105000e+01	0.000000e+00
-1.100000e+01	0.000000e+00
-1.095000e+01	0.000000e+00
-1.090000e+01	0.000000e+00
-1.085000e+01	0.000000e+00
-1.080000e+01	0.000000e+00
-1.075000e+01	0.000000e+00
-1.070000e+01	0.000000e+00
-1.065000e+01	0.000000e+00
-1.060000e+01	0.000000e+00
-1.055000e+01	0.000000e+00
-1.050000e+01	0.000000e+00
-1.045000e+01	0.000000e+00
-1.040000e+01	0.000000e+00
-1.035000e+01	0.000000e+00
-1.030000e+01	0.000000e+00
-1.025000e+01	0.000000e+00
-1.020000e+01	0.000000e+00
-1.015000e+01	0.000000e+00
-1.010000e+01	0.000000e+00
-1.005000e+01	0.000000e+00
-1.000000e+01	0.000000e+00
-9.950000e+00	0.000000e+00
-9.900000e+00	0.000000e+00
-9.850000e+00	0.000000e+00
-9.800000e+00	0.000000e+00
-9.750000e+00	0.000000e+00
-9.700000e+00	0.000000e+00
-9.650000e+00	0.000000e+00
-9.600000e+00	0.000000e+00
-9.550000e+00	0.000000e+00
-9.500000e+00	0.000000e+00
-9.450000e+00	0.000000e+00
-9.400000e+00	0.000000e+00
-9.350000e+00	0.000000e+00
-9.300000e+00	0.000000e+00
-9.250000e+00	0.000000e+00
-9.200000e+00	0.000000e+00
-9.150000e+00	0.000000e+00
-9.100000e+00	0.000000e+00
-9.050000e+00	0.000000e+00
-9.000000e+00	0.000000e+00
-8.950000e+00	0.000000e+00
-8.900000e+00	0.000000e+00
-8.850000e+00	0.000000e+00
-8.800000e+00	0.000000e+00
-8.750000e+00	0.000000e+00
-8.700000e+00	0.000000e+00
-8.650000e+00	0.000000e+00
-8.600000e+00	0.000000e+00
-8.550000e+00	0.000000e+00
-8.500000e+00	0.000000e+00
-8.450000e+00	0.000000e+00
-8.400000e+00	0.000000e+00
-8.350000e+00	0.000000e+00
-8.300000e+00	0.000000e+00
-8.250000e+00	0.000000e+00
-8.200000e+00	0.000000e+00
-8.150000e+00	0.000000e+00
-8.100000e+00	0.000000e+00
-8.050000e+00	0.000000e+00
-8.000000e+00	0.000000e+00
-7.950000e+00	1.131980e-315
-7.900000e+00	4.690466e-304
-7.850000e+00	1.178816e-292
-7.800000e+00	1.796921e-281
-7.750000e+00	1.661364e-270
-7.700000e+00	9.316506e-260
-7.650000e+00	3.168796e-249
-7.600000e+00	6.537146e-239
-7.550000e+00	8.179653e-229
-7.500000e+00	6.207751e-219
-7.450000e+00	2.857502e-209
-7.400000e+00	7.977953e-200
-7.350000e+00	1.350981e-190
-7.300000e+00	1.387585e-181
-7.250000e+00	8.644163e-173
-7.200000e+00	3.266171e-164
-7.150000e+00	7.485274e-156
-7.100000e+00	1.040469e-147
-7.050000e+00	8.772099e-140
-7.000000e+00	4.485703e-132
-6.950000e+00	1.391267e-124
-6.900000e+00	2.617236e-117
-6.850000e+00	2.986264e-110
-6.800000e+00	2.066647e-103
-6.750000e+00	8.674753e-97
-6.700000e+00	2.208517e-90
-6.650000e+00	3.410335e-84
-6.600000e+00	3.194083e-78
-6.550000e+00	1.814463e-72
-6.500000e+00	6.251765e-67
-6.450000e+00	1.306502e-61
-6.400000e+00	1.656038e-56
-6.350000e+00	1.273160e-51
-6.300000e+00	5.936750e-47
-6.250000e+00	1.679064e-42
-6.200000e+00	2.880304e-38
-6.150000e+00	2.996831e-34
-6.100000e+00	1.891207e-30
-6.050000e+00	7.238832e-27
-6.000000e+00	1.680547e-23
-5.950000e+00	2.366386e-20
-5.900000e+00	2.021033e-17
-5.850000e+00	1.046921e-14
-5.800000e+00	3.289328e-12
-5.750000e+00	6.268349e-10
-5.700000e+00	7.245226e-08
-5.650000e+00	5.079295e-06
-5.600000e+00	2.159771e-04
-5.550000e+00	5.570123e-03
-5.500000e+00	8.713139e-02
-5.450000e+00	8.266795e-01
-5.400000e+00	4.757212e+00
-5.350000e+00	1.660430e+01
-5.300000e+00	3.515130e+01
-5.250000e+00	4.513517e+01
-5.200000e+00	3.515130e+01
-5.150000e+00	1.660430e+01
-5.100000e+00	4.757211e+00
-5.050000e+00	8.266793e-01
-5.000000e+00	8.713135e-02
-4.950000e+00	5.570121e-03
-4.900000e+00	2.159770e-04
-4.850000e+00	5.079292e-06
-4.800000e+00	7.245221e-08
-4.750000e+00	6.268344e-10
-4.700000e+00	3.289325e-12
-4.650000e+00	1.046920e-14
-4.600000e+00	2.021031e-17
-4.550000e+00	2.366384e-20
-4.500000e+00	1.680545e-23
-4.450000e+00	7.238823e-27
-4.400000e+00	1.891204e-30
-4.350000e+00	2.996827e-34
-4.300000e+00	2.880300e-38
-4.250000e+00	1.679061e-42
-4.200000e+00	5.936741e-47
-4.150000e+00	1.273158e-51
-4.100000e+00	1.656035e-56
-4.050000e+00	1.306500e-61
-4.000000e+00	6.251753e-67
-3.950000e+00	1.814459e-72
-3.900000e+00	3.194076e-78
-3.850000e+00	3.410328e-84
-3.800000e+00	2.208512e-90
-3.750000e+00	8.674733e-97
-3.700000e+00	2.066642e-103
-3.650000e+00	2.986257e-110
-3.600000e+00	2.617230e-117
-3.550000e+00	1.391263e-124
-3.500000e+00	4.485691e-132
-3.450000e+00	8.772075e-140
-3.400000e+00	1.040466e-147
-3.350000e+00	7.485253e-156
-3.300000e+00	3.266162e-164
-3.250000e+00	8.644137e-173
-3.200000e+00	1.387581e-181
-3.150000e+00	1.350977e-190
-3.100000e+00	7.977928e-200
-3.050000e+00	2.857492e-209
-3.000000e+00	6.207730e-219
-2.950000e+00	8.179625e-229
-2.900000e+00	6.537123e-239
-2.850000e+00	3.168784e-249
-2.800000e+00	9.316472e-260
-2.750000e+00	1.661357e-270
-2.700000e+00	1.796914e-281
-2.650000e+00	1.178812e-292
-2.600000e+00	4.690447e-304
-2.550000e+00	1.131975e-315
-2.500000e+00	0.000000e+00
-2.450000e+00	0.000000e+00
-2.400000e+00	0.000000e+00
-2.350000e+00	0.000000e+00
-2.300000e+00	0.000000e+00
-2.250000e+00	0.000000e+00
-2.200000e+00	0.000000e+00
-2.150000e+00	0.000000e+00
-2.100000e+00	0.000000e+00
-2.050000e+00	0.000000e+00
-2.000000e+00	0.000000e+00
-1.950000e+00	0.000000e+00
-1.900000e+00	0.000000e+00
-1.850000e+00	0.000000e+00
-1.800000e+00	0.000000e+00
-1.750000e+00	0.000000e+00
-1.700000e+00	0.000000e+00
-1.650000e+00	0.000000e+00
-1.600000e+00	0.000000e+00
-1.550000e+00	0.000000e+00
-1.500000e+00	4.053899e-314
-1.450000e+00	1.570060e-302
-1.400000e+00	3.689012e-291
-1.350000e+00	5.258491e-280
-1.300000e+00	4.547540e-269
-1.250000e+00	2.385963e-258
-1.200000e+00	7.595052e-248
-1.150000e+00	1.466852e-237
-1.100000e+00	1.718855e-227
-1.050000e+00	1.222079e-217
-1.000000e+00	5.272015e-208
-9.500000e-01	1.380010e-198
-9.000000e-01	2.191935e-189
-8.500000e-01	2.112638e-180
-8.000000e-01	1.235627e-171
-7.500000e-01	4.385594e-163
-7.000000e-01	9.446315e-155
-6.500000e-01	1.234823e-146
-6.000000e-01	9.796510e-139
-5.500000e-01	4.717147e-131
-5.000000e-01	1.378626e-123
-4.500000e-01	2.445635e-116
-4.000000e-01	2.633506e-109
