Z_gas = [1.000000e+00
9.996079e-01
9.986394e-01
9.971119e-01
9.950551e-01
9.925135e-01
9.895470e-01
9.862216e-01
9.825975e-01
9.787228e-01
9.746347e-01
9.703637e-01
9.659380e-01
9.613844e-01
9.567277e-01
9.519871e-01
9.471745e-01
9.422952e-01
9.373552e-01
9.323723e-01
9.273822e-01
9.224309e-01
9.175570e-01
9.127789e-01
9.080946e-01
9.034929e-01
8.989664e-01
8.945173e-01
8.901534e-01
8.858785e-01
8.816852e-01
8.775586e-01
8.734865e-01
8.694693e-01
8.655211e-01
8.616622e-01
8.579099e-01
8.542719e-01
8.507437e-01
8.473111e-01
8.439522e-01
8.406407e-01
8.373492e-01
8.340533e-01
8.307364e-01
8.273927e-01
8.240261e-01
8.206473e-01
8.172699e-01
8.139069e-01
8.105710e-01
8.072751e-01
8.040336e-01
8.008609e-01
7.977685e-01
7.947637e-01
7.918509e-01
7.890321e-01
7.863056e-01
7.836641e-01
7.810937e-01
7.785744e-01
7.760828e-01
7.735944e-01
7.710874e-01
7.685451e-01
7.659593e-01
7.633313e-01
7.606719e-01
7.579997e-01
7.553370e-01
7.527029e-01
7.501073e-01
7.475492e-01
7.450200e-01
7.425073e-01
7.399979e-01
7.374799e-01
7.349429e-01
7.323788e-01
7.297821e-01
7.271520e-01
7.244938e-01
7.218191e-01
7.191438e-01
7.164833e-01
7.138483e-01
7.112414e-01
7.086572e-01
7.060864e-01
7.035220e-01
7.009609e-01
6.984022e-01
6.958426e-01
6.932759e-01
6.906949e-01
6.880938e-01
6.854689e-01
6.828168e-01
6.801335e-01
6.774162e-01
6.746671e-01
6.718988e-01
6.691347e-01
6.664049e-01
6.637379e-01
6.611539e-01
6.586622e-01
6.562618e-01
6.539426e-01
6.516880e-01
6.494780e-01
6.472931e-01
6.451170e-01
6.429376e-01
6.407475e-01
6.385428e-01
6.363227e-01
6.340880e-01
6.318415e-01
6.295880e-01
6.273361e-01
6.250988e-01
6.228896e-01
6.207177e-01
6.185844e-01
6.164866e-01
6.144213e-01
6.123888e-01
6.103939e-01
6.084419e-01
6.065357e-01
6.046729e-01
6.028462e-01
6.010447e-01
5.992559e-01
5.974655e-01
5.956567e-01
5.938103e-01
5.919061e-01
5.899253e-01
5.878533e-01
5.856831e-01
5.834183e-01
5.810751e-01
5.786811e-01
5.762704e-01
5.738761e-01
5.715222e-01
5.692203e-01
5.669710e-01
5.647692e-01
5.626101e-01
5.604932e-01
5.584229e-01
5.564042e-01
5.544377e-01
5.525156e-01
5.506241e-01
5.487469e-01
5.468697e-01
5.449832e-01
5.430852e-01
5.411798e-01
5.392760e-01
5.373850e-01
5.355177e-01
5.336814e-01
5.318778e-01
5.301029e-01
5.283485e-01
5.266041e-01
5.248575e-01
5.230943e-01
5.212985e-01
5.194556e-01
5.175568e-01
5.156024e-01
5.135999e-01
5.115609e-01
5.094964e-01
5.074167e-01
5.053329e-01
5.032586e-01
5.012093e-01
4.991983e-01
4.972303e-01
4.952997e-01
4.933949e-01
4.915056e-01
4.896272e-01
4.877627e-01
4.859203e-01
4.841094e-01
4.823367e-01
4.806040e-01
4.789088e-01
4.772468e-01
4.756139e-01
4.740085e-01
4.724323e-01
4.708924e-01
4.694007e-01
4.679711e-01
4.666146e-01
4.653329e-01
4.641152e-01
4.629395e-01
4.617783e-01
4.606051e-01
4.593989e-01
4.581453e-01
4.568353e-01
4.554664e-01
4.540432e-01
4.525759e-01
4.510758e-01
4.495505e-01
4.480034e-01
4.464367e-01
4.448536e-01
4.432587e-01
4.416583e-01
4.400603e-01
4.384750e-01
4.369136e-01
4.353858e-01
4.338980e-01
4.324528e-01
4.310481e-01
4.296765e-01
4.283278e-01
4.269929e-01
4.256671e-01
4.243506e-01
4.230457e-01
4.217542e-01
4.204745e-01
4.192011e-01
4.179266e-01
4.166451e-01
4.153583e-01
4.140795e-01
4.128248e-01
4.115989e-01
4.103928e-01
4.091926e-01
4.079882e-01
4.067761e-01
4.055580e-01
4.043406e-01
4.031335e-01
4.019467e-01
4.007872e-01
3.996575e-01
3.985565e-01
3.974825e-01
3.964342e-01
3.954109e-01
3.944104e-01
3.934278e-01
3.924560e-01
3.914873e-01
3.905162e-01
3.895392e-01
3.885540e-01
3.875574e-01
3.865429e-01
3.855005e-01
3.844171e-01
3.832785e-01
3.820729e-01
3.807937e-01
3.794421e-01
3.780266e-01
3.765617e-01
3.750652e-01
3.735574e-01
3.720588e-01
3.705875e-01
3.691553e-01
3.677648e-01
3.664105e-01
3.650838e-01
3.637769e-01
3.624841e-01
3.612018e-01
3.599276e-01
3.586606e-01
3.574007e-01
3.561480e-01
3.549016e-01
3.536597e-01
3.524196e-01
3.511791e-01
3.499372e-01
3.486936e-01
3.474472e-01
3.461948e-01
3.449298e-01
3.436427e-01
3.423230e-01
3.409609e-01
3.395499e-01
3.380888e-01
3.365842e-01
3.350521e-01
3.335165e-01
3.320046e-01
3.305407e-01
3.291433e-01
3.278241e-01
3.265874e-01
3.254319e-01
3.243510e-01
3.233343e-01
3.223687e-01
3.214408e-01
3.205398e-01
3.196595e-01
3.187967e-01
3.179489e-01
3.171098e-01
3.162690e-01
3.154131e-01
3.145294e-01
3.136084e-01
3.126451e-01
3.116390e-01
3.105929e-01
3.095119e-01
3.084023e-01
3.072707e-01
3.061235e-01
3.049654e-01
3.037988e-01
3.026226e-01
3.014331e-01
3.002238e-01
2.989874e-01
2.977183e-01
2.964161e-01
2.950875e-01
2.937448e-01
2.924029e-01
2.910750e-01
2.897693e-01
2.884861e-01
2.872179e-01
2.859524e-01
2.846771e-01
2.833870e-01
2.820907e-01
2.808108e-01
2.795740e-01
2.783975e-01
2.772826e-01
2.762193e-01
2.751949e-01
2.741996e-01
2.732287e-01
2.722801e-01
2.713513e-01
2.704368e-01
2.695276e-01
2.686142e-01
2.676907e-01
2.667565e-01
2.658153e-01
2.648709e-01
2.639255e-01
2.629810e-01
2.620399e-01
2.611057e-01
2.601818e-01
2.592714e-01
2.583775e-01
2.575030e-01
2.566508e-01
2.558229e-01
2.550196e-01
2.542388e-01
2.534767e-01
2.527296e-01
2.519942e-01
2.512674e-01
2.505451e-01
2.498226e-01
2.490954e-01
2.483602e-01
2.476149e-01
2.468576e-01
2.460866e-01
2.453005e-01
2.445013e-01
2.436958e-01
2.428944e-01
2.421094e-01
2.413508e-01
2.406244e-01
2.399294e-01
2.392581e-01
2.385967e-01
2.379282e-01
2.372376e-01
2.365158e-01
2.357611e-01
2.349756e-01
2.341618e-01
2.333216e-01
2.324573e-01
2.315723e-01
2.306702e-01
2.297542e-01
2.288269e-01
2.278909e-01
2.269504e-01
2.260124e-01
2.250864e-01
2.241843e-01
2.233160e-01
2.224868e-01
2.216968e-01
2.209434e-01
2.202241e-01
2.195358e-01
2.188739e-01
2.182329e-01
2.176071e-01
2.169911e-01
2.163790e-01
2.157645e-01
2.151425e-01
2.145119e-01
2.138770e-01
2.132468e-01
2.126302e-01
2.120320e-01
2.114510e-01
2.108819e-01
2.103182e-01
2.097534e-01
2.091825e-01
2.086019e-01
2.080097e-01
2.074061e-01
2.067920e-01
2.061683e-01
2.055338e-01
2.048869e-01
2.042259e-01
2.035501e-01
2.028598e-01
2.021559e-01
2.014400e-01
2.007139e-01
1.999792e-01
1.992386e-01
1.984978e-01
1.977659e-01
1.970530e-01
1.963673e-01
1.957139e-01
1.950953e-01
1.945116e-01
1.939601e-01
1.934348e-01
1.929262e-01
1.924225e-01
1.919101e-01
1.913752e-01
1.908035e-01
1.901825e-01
1.895032e-01
1.887642e-01
1.879715e-01
1.871335e-01
1.862578e-01
1.853523e-01
1.844298e-01
1.835095e-01
1.826135e-01
1.817598e-01
1.809576e-01
1.802068e-01
1.795012e-01
1.788309e-01
1.781844e-01
1.775495e-01
1.769149e-01
1.762716e-01
1.756157e-01
1.749485e-01
1.742744e-01
1.735962e-01
1.729128e-01
1.722203e-01
1.715139e-01
1.707895e-01
1.700457e-01
1.692840e-01
1.685093e-01
1.677291e-01
1.669526e-01
1.661894e-01
1.654481e-01
1.647342e-01
1.640492e-01
1.633903e-01
1.627511e-01
1.621244e-01
1.615035e-01
1.608848e-01
1.602673e-01
1.596530e-01
1.590458e-01
1.584503e-01
1.578706e-01
1.573090e-01
1.567663e-01
1.562436e-01
1.557455e-01
1.552773e-01
1.548387e-01
1.544182e-01
1.539987e-01
1.535648e-01
1.531075e-01
1.526244e-01
1.521179e-01
1.515931e-01
1.510551e-01
1.505081e-01
1.499556e-01
1.494009e-01
1.488465e-01
1.482946e-01
1.477463e-01
1.472022e-01
1.466632e-01
1.461309e-01
1.456082e-01
1.450984e-01
1.446035e-01
1.441236e-01
1.436564e-01
1.431971e-01
1.427392e-01
1.422755e-01
1.418011e-01
1.413144e-01
1.408164e-01
1.403092e-01
1.397945e-01
1.392732e-01
1.387483e-01
1.382250e-01
1.377108e-01
1.372133e-01
1.367377e-01
1.362864e-01
1.358598e-01
1.354570e-01
1.350777e-01
1.347216e-01
1.343882e-01
1.340757e-01
1.337808e-01
1.334984e-01
1.332213e-01
1.329412e-01
1.326499e-01
1.323410e-01
1.320111e-01
1.316606e-01
1.312921e-01
1.309095e-01
1.305167e-01
1.301176e-01
1.297159e-01
1.293151e-01
1.289178e-01
1.285258e-01
1.281398e-01
1.277599e-01
1.273856e-01
1.270153e-01
1.266475e-01
1.262809e-01
1.259145e-01
1.255473e-01
1.251785e-01
1.248068e-01
1.244313e-01
1.240523e-01
1.236714e-01
1.232910e-01
1.229130e-01
1.225369e-01
1.221600e-01
1.217786e-01
1.213893e-01
1.209904e-01
1.205833e-01
1.201713e-01
1.197587e-01
1.193481e-01
1.189396e-01
1.185313e-01
1.181213e-01
1.177108e-01
1.173048e-01
1.169085e-01
1.165229e-01
